$ANSIBLE_VAULT;1.1;AES256
31646235613963373661646461383066373835653439643034636631643730613730323065623939
3836643566353462313063366435333864363439326239620a623534643066393966616635633433
39323336323531633664663961626562623766633666343633643962356564623465613766353430
6662646361313762320a323531383439663737326539333264646465623865323764346265343534
31306236653735326433376338633364623339363637666162383537303061336562663932626438
31633333393231343934353830363237366466363132623035396536373731383965623434383065
62373030343536656465653661383665653432393430633765653530363030326437323330343831
39376361303538373363313661303330656462613365663430373663616639396631633038356164
31326335346231633631316366613732326136656239636464666239626261616234303061396463
34383130333836616566633062346139623263613462336465326433376236636165653561316638
32626665353331633738316333346237323937303834373034376431396235633736656235366130
38386436646436383337346534306666666663373364666137613264653037653534366438396461
37303033363735303033383762343861383064386430373231336539386663346230373066663265
39316135626165363133636636613763663566343565323762376535313238333530393736663631
38313666643366663137343566303166343262353961656164313830356565386436653863643832
63643339386662656538323061373363323462313339623163373232386433373366343766613136
34653535386139333333366630376335633638386336333666373336313131306263373563393361
63303837663437636633313466316265656233636236393130633761643936666463373562366337
35633136663436303764646261313463333861303831336536616164636634393334343533393633
38633430313062373031353832356263643064643163313061313736653961343432636137326462
38643636386532376432336636663639313063376431353130633339393131393936323432623432
38383237323832623763646331353161663133343964633864333733393132623739313138373134
64633964396130336138376632343661633166336634383939633737326164666533626466393338
34653065656532376565383233623161323366316461613464643761626334656461656439613137
38373539663130306233653934386363623637353263343437393264643531636362346530363236
65313964623562653163663164343831306333313932363765653432383761663338383163353163
32623434346530623734333064663338633063323734366133333861633333366234616133633538
33636266643236316136353634393435346365623061386365623563623630343733343039386433
32613861623937346430346530373839313739393963626332373833626233376235306564303337
39643962663738366232313739656565666338343034623064343737643661333966613932356537
30353734383130323835653134623332393961306638373337613738363932373633656635366132
34636139653763643431303131346161616564303632306439353230643536353134303766306334
66646563306132323366336466386166633566303536303539626161363539643839353064366537
65623461383530366364643638366637346136303737323062376239643537633961376332376632
35333266306533353131393639336633333864326139313036616666623266333137383430636437
39616661386663383637666632616132333335326161336636326231393530383232363062376536
34643138653239653430646565386434393466323235313865343037613439373732663536326661
35376233656665333635343033643336376338326134613933613634643463623335313337353433
35613665353030653731383535366637393563663137343335353631333831393539373235633835
32616139343435393630623737323062316330383864613435386339303863393965666463356231
38383836613433636436373266326361383733643563366532316262393630636235346566323961
32346537363764313561393862323762623165366563663734373764343232343337373361306665
39333065616263623666653863383063313461353737383963363130643264376536356665393230
33306335663731633636353835316339323136613232306133613261323265663466353837313636
61373330643864366561343865313363663235373637643961373736393530306536306535663537
32396131356336656439366363316138666331616565323936303933366261373261393838336232
65373433316531356665326166306636333263653936363730353562386230376565636230306263
64626164366634616664636232653337373635383465383634396330646630613164636635306136
33316463333539333336376262306332316134323036326231633332623565353963633665323265
33353934653863326637303466616161353334333038343933393336663437613637396534633131
39383031616137303530336230383335353331363961303264333934663466376632316163653839
36323639633430373564396635323365303634666334623533333830353535613335303036656262
35623561386537393164363762316462376330303066393432643865646538356162373936636131
35396137393336336430623834666631663366386230396461333465653936636432363761633332
64323263623831643039363465663331356366663562326366343566346539626162613339366662
66646463383463636433313835383931383135636135373162396130373835373933323166386330
62616531623933623739346533643966643566616630376465363563663961636664633932383661
63663366636465323237333232663634326133326330633662646135643363623332313034643933
35623263326337613130306539653838343438613139306538613738343835343539643939303066
30346234396465323862663232383265653635666131643463356463383165386336343337356233
66653932643135373439343432376334323536306434653265656464613832323164373530373061
66613530646434373563303066646664343934333435613632323633373862323361633466346438
37386538343561373830326534343633393530343831386165386431323966643063373063653562
62613564356536323166326331353666616538393538326437306366313034623166306137643662
65386131343837323134396166353262666261333431613462653465623839313332336665636438
35623634366461616565656332656434613732353835616636643135613530333861333366626165
36313631643061633736346336653733633364613033313465356239303434656232336139656662
37383063653431313966303664616236306466636534373162626530323337306631343437656361
30656431653466346432363837393339666632396639376162303661376131353965363038376564
32626133323666633037373561313236303036313339343764343137313930333139336666623263
39373562386239396161326138356365643930343935396337386438366232343962373231343338
37373037663139636631653034303163396633306438636664363335643930363630626636323933
36343864363033326539393239313638646437326665653337666433303764643235356133323034
66623131363835333035323632336535626431396639653834336337633131663963626663373637
38306565613332326262313832633639386237306262363337613163643864646464333335663733
37363465393666366338356232336138383734393138653032643437653933393738343236316263
63303836336166646334306230623831346361653732646534303936393866613361633038656234
64626463356339346433383032366330363533316538613236636234626437363264613633633231
39373339633762656661336533363937383734616538633537663164353266356463656163666132
34326634316130396366663332656361343730666134366466383932333630396439363533663766
62346663663234613438356466333164336166393863633963343337636234363365393038616639
30393963643231643131343031346563343061626138333337303734366631336166633438376234
38656333303930333230386234623631376131396536383565643066383464313461343633646138
31313163623835356335646439646632386165373962363166613135373431316530343536323566
36363335393835346431343136333161366439663832396230326663666363396662613732623331
37343636313738373466343361306664393636663337656238323765646637363033363733646161
36363332346265346564663736336533313261623034306465646432613632333834623238656436
66633133623832303434653362313539613131376532313235363863306634356564356231663436
30373538653861363130666133323866383237303538373664623136333939623630626131386639
33393836326364656537373238353934323838653534376264396438626332656462373931356138
32393766386438633561303766623933643138363535343437366164356137333437643838366234
64333038643638656133343765336436336433326131326539306534376531323262366538356332
37643430303330643733613835313233616232393831353662656263636166373838393535663839
32653137623730306233646530633036383661643561616236373035383636656232313034643866
66363365333537653533356262616630316664653331616137373231383835373134313439323363
61613965363064383430643365316562376334623732353239363130656636333037373865633236
64306539396261646366356334663761386531633061383163343966396634663064353831303037
32643137653362373766613837626365636338653236646537303938393866313139636137663832
31313037316430666238353430343534303238333364316232323938386235313530323232626639
35343138393732623061363435623565613136376161623438313238353931616435633036623264
30336466353833653461343462363363653661376265626335373261383332316136623537363162
65356337376530663538643637366130383766663836323563653864303132613036663233326532
65663730636131376139323166383938653366313535663233326137343135666139336463333133
39346233646361343639653264313336313435643365663739646435646332633261353662346162
35303234653730343564666335623831336666636232353364333338316562643164663431613336
65636336636533663830343332623566396561343338316535653761363132633065323837316661
38623530613164613962616231626132373439623633383832333065363631353839366336343661
63346561366162326234303839313532633933623466366662353038386365323635336235333632
65393331646431333538383064333763326536383533616530336536663930333363653661613331
31346264313033346138623635393637613535366366313133663662663038336438376335643636
31353836383636666562366330303764306562383836393466383261623266396261653938393463
63363032326664386531323531343037663266343535323663613438626135386263343865613832
65336466323263353733363633313835343734303031616537343366346263393363613261643463
35383532356133366565313031643036393238396433353139336637663934333735626339336230
34663438653532656565313737343930613934623361663838313533336231623432323134306365
61646330666366363434313439633930663938646538623230633566393261643331303363353361
62343364313839623766643635363334633266353937613063653032333366626135316236613765
37323664623462373265613964313430653333343139363633373964356564366265376536653038
62383536306639306665363232633031316163393164613931326532336265356130643963383930
63663530383438633738616337373466333230626634303361613863376239313435343764303332
32623466626431336664353264656331666531313232643332633638666266346364386430386566
38636466313361373763613362626466626131363036623736373365363662363934373466626438
30326161393763656135323064393039363762313165313766376364386462626234336562393464
39616333373837383065666466373136633265623131646332333839323038386666633133643933
39656261313865386665336266663733663535623933653037663862376433313466636632303338
32343061653534396663303536383336663636376636636263356464393039336561336466393032
36633861356533366663376236616664626439373239313665386632343036663835373864613366
63653030386233633331343932343937336263646433613764653932616630396261346433343032
31623837663839393237373934313362626532643334323130336263373766346537663433323431
66666664613965346362366266363331383065326436353265626564636336323563386235306434
33306464653361336464396533366334353965333237303339643138666534623664323434313739
62336535393038366331326538663939383035643664636564326165386439393635303332386266
65646638353035643436326234323632333861623839353364306366363861363730306634643262
64303434396534356466303030353336303239316664336630613163616633373432653061623832
31643835326636666665313465616461643266373765363333623565626361646662663331373164
34383937326636306565323538346365626337373664386665316134373932373764616531346232
39386338396334343362313133396361373935336130646362363863336434623030
